7.10500 0.013513
7.10520 0.013626
7.10540 0.013742
7.10560 0.013859
7.10580 0.013978
7.10600 0.014099
7.10620 0.014223
7.10640 0.014348
7.10660 0.014476
7.10680 0.014606
7.10700 0.014739
7.10720 0.014874
7.10740 0.015012
7.10760 0.015152
7.10780 0.015295
7.10800 0.015441
7.10820 0.015590
7.10840 0.015742
7.10860 0.015899
7.10880 0.016060
7.10900 0.016226
7.10920 0.016399
7.10940 0.016579
7.10960 0.016771
7.10980 0.016976
7.11000 0.017199
7.11020 0.017446
7.11040 0.017726
7.11060 0.018048
7.11080 0.018427
7.11100 0.018879
7.11120 0.019426
7.11140 0.020093
7.11160 0.020911
7.11180 0.021917
7.11200 0.023158
7.11220 0.024717
7.11240 0.026776
7.11260 0.029798
7.11280 0.034861
7.11300 0.044071
7.11320 0.060602
7.11340 0.087636
7.11360 0.125829
7.11380 0.170452
7.11400 0.210957
7.11420 0.234985
7.11440 0.235194
7.11460 0.213850
7.11480 0.181292
7.11500 0.149610
7.11520 0.126654
7.11540 0.114192
7.11560 0.109869
7.11580 0.110178
7.11600 0.112341
7.11620 0.114757
7.11640 0.116710
7.11660 0.117961
7.11680 0.118490
7.11700 0.118370
7.11720 0.117725
7.11740 0.116710
7.11760 0.115496
7.11780 0.114268
7.11800 0.113210
7.11820 0.112498
7.11840 0.112294
7.11860 0.112740
7.11880 0.113952
7.11900 0.116020
7.11920 0.119003
7.11940 0.122937
7.11960 0.127830
7.11980 0.133669
7.12000 0.140425
7.12020 0.148051
7.12040 0.156494
7.12060 0.165694
7.12080 0.175594
7.12100 0.186142
7.12120 0.197296
7.12140 0.209036
7.12160 0.221368
7.12180 0.234334
7.12200 0.248022
7.12220 0.262580
7.12240 0.278223
7.12260 0.295247
7.12280 0.314035
7.12300 0.335063
7.12320 0.358893
7.12340 0.386170
7.12360 0.417590
7.12380 0.453876
7.12400 0.495724
7.12420 0.543745
7.12440 0.598398
7.12460 0.659914
7.12480 0.728220
7.12500 0.802872
7.12520 0.883006
7.12540 0.967314
7.12560 1.054046
7.12580 1.141060
7.12600 1.225907
7.12620 1.305950
7.12640 1.378526
7.12660 1.441122
7.12680 1.491561
7.12700 1.528188
7.12720 1.550033
7.12740 1.556943
7.12760 1.549669
7.12780 1.529900
7.12800 1.500230
7.12820 1.464014
7.12840 1.425030
7.12860 1.386840
7.12880 1.351787
7.12900 1.320066
7.12920 1.289797
7.12940 1.258550
7.12960 1.225089
7.12980 1.189859
7.13000 1.154321
7.13020 1.120130
7.13040 1.088635
7.13060 1.060709
7.13080 1.036771
7.13100 1.016872
7.13120 1.000806
7.13140 0.988201
7.13160 0.978603
7.13180 0.971531
7.13200 0.966523
7.13220 0.963155
7.13240 0.961062
7.13260 0.959935
7.13280 0.959526
7.13300 0.959640
7.13320 0.960124
7.13340 0.960868
7.13360 0.961787
7.13380 0.962822
7.13400 0.963931
7.13420 0.965083
7.13440 0.966258
7.13460 0.967442
7.13480 0.968623
7.13500 0.969795
7.13520 0.970953
7.13540 0.972091
7.13560 0.973208
7.13580 0.974300
7.13600 0.975366
7.13620 0.976405
7.13640 0.977415
7.13660 0.978396
7.13680 0.979346
7.13700 0.980267
7.13720 0.981158
7.13740 0.982019
7.13760 0.982851
7.13780 0.983654
7.13800 0.984428
7.13820 0.985176
7.13840 0.985896
7.13860 0.986591
7.13880 0.987262
7.13900 0.987908
7.13920 0.988531
7.13940 0.989132
7.13960 0.989712
7.13980 0.990272
7.14000 0.990812
7.14020 0.991334
7.14040 0.991839
7.14060 0.992326
7.14080 0.992798
7.14100 0.993254
7.14120 0.993695
7.14140 0.994122
7.14160 0.994536
7.14180 0.994938
7.14200 0.995326
7.14220 0.995704
7.14240 0.996070
7.14260 0.996425
7.14280 0.996771
7.14300 0.997106
7.14320 0.997432
7.14340 0.997749
7.14360 0.998057
7.14380 0.998357
7.14400 0.998649
7.14420 0.998934
7.14440 0.999211
7.14460 0.999481
7.14480 0.999744
7.14500 1.000000
